[gd_scene load_steps=8 format=2]

[ext_resource path="res://blender/boat.glb" type="PackedScene" id=1]
[ext_resource path="res://Scenes/items/Crate.tscn" type="PackedScene" id=2]
[ext_resource path="res://Scenes/items/Boat3D.tscn" type="PackedScene" id=3]
[ext_resource path="res://Scenes/characters/Player3D.tscn" type="PackedScene" id=4]

[sub_resource type="CubeMesh" id=4]
size = Vector3( 40, 0.2, 20 )

[sub_resource type="SpatialMaterial" id=2]
albedo_color = Color( 0.58, 0.547327, 0.4292, 1 )

[sub_resource type="ConvexPolygonShape" id=3]
points = PoolVector3Array( -10, 0.1, 10, 10, 0.1, -10, 10, 0.1, 10, -10, 0.1, -10, -10, -0.1, 10, 10, -0.1, -10, 10, -0.1, 10, -10, -0.1, -10, 10, 0.1, 10, -10, 0.1, -10, 10, 0.1, -10, -10, 0.1, 10, 10, -0.1, 10, -10, -0.1, -10, 10, -0.1, -10, -10, -0.1, 10, 10, 0.1, 10, -10, -0.1, 10, -10, 0.1, 10, 10, -0.1, 10, 10, 0.1, -10, -10, -0.1, -10, -10, 0.1, -10, 10, -0.1, -10 )

[node name="Main3D" instance=ExtResource( 1 )]

[node name="Player3D" parent="." index="0" instance=ExtResource( 4 )]

[node name="DirectionalLight" type="DirectionalLight" parent="." index="1"]
transform = Transform( 0.925243, -0.208098, 0.317208, 0, 0.836133, 0.548527, -0.379375, -0.50752, 0.773626, 8.64512, 7.84365, 5.34577 )
shadow_enabled = true

[node name="Boat" parent="." index="2" instance=ExtResource( 3 )]
transform = Transform( 0.806011, -0.591901, 0, 0.170969, 0.232815, -0.957375, 0.566671, 0.771655, 0.288848, 5.72584, 1.15077, -4.97281 )

[node name="boat" parent="." index="3"]
visible = false

[node name="Floor" type="StaticBody" parent="." index="4"]
transform = Transform( 1, 0, 0, 0, 1, 0, 0, 0, 1, 0, -0.1, 0 )

[node name="MeshInstance" type="MeshInstance" parent="Floor" index="0"]
mesh = SubResource( 4 )
material/0 = SubResource( 2 )

[node name="CollisionShape" type="CollisionShape" parent="Floor" index="1"]
transform = Transform( 2, 0, 0, 0, 1, 0, 0, 0, 1, 0, 0, 0 )
shape = SubResource( 3 )

[node name="Crates" type="Node" parent="." index="5"]

[node name="Crate" parent="Crates" index="0" instance=ExtResource( 2 )]
transform = Transform( -0.76694, 0.415519, 0.489027, 0.350356, 0.909585, -0.223399, -0.537638, 0, -0.843176, -0.0602155, 1.43099, 0.962797 )

[node name="Crate5" parent="Crates" index="1" instance=ExtResource( 2 )]
transform = Transform( -0.214897, -0.154088, -0.964405, 0.350356, 0.909585, -0.223399, 0.911631, -0.385892, -0.141482, -0.433237, 3.71328, 1.20802 )

[node name="Crate2" parent="Crates" index="2" instance=ExtResource( 2 )]
transform = Transform( -0.361973, 0.903163, 0.230806, 0.761526, 0.429298, -0.485575, -0.537638, 0, -0.843176, -0.0602155, 2.28093, 0.962797 )

[node name="Crate6" parent="Crates" index="3" instance=ExtResource( 2 )]
transform = Transform( -0.361973, 0.903163, 0.230806, 0.761526, 0.429298, -0.485575, -0.537638, 0, -0.843176, -0.0602155, 4.26847, 0.962797 )

[node name="Crate3" parent="Crates" index="4" instance=ExtResource( 2 )]
transform = Transform( -0.780783, 0.377518, 0.497854, 0.318314, 0.926003, -0.202968, -0.537638, 0, -0.843176, -0.614938, 2.9375, 0.947304 )

[node name="Crate4" parent="Crates" index="5" instance=ExtResource( 2 )]
transform = Transform( -0.209764, -0.139996, -0.967678, 0.318314, 0.926003, -0.202968, 0.924487, -0.3506, -0.149679, -0.241916, 5.21979, 1.72894 )

[node name="Crate12" parent="Crates" index="6" instance=ExtResource( 2 )]
transform = Transform( 0.717565, -0.107376, 0.688165, 0.350356, 0.909585, -0.223399, -0.601957, 0.401406, 0.690306, 0.663041, 3.04509, 1.70305 )

[node name="Crate11" parent="Crates" index="7" instance=ExtResource( 2 )]
transform = Transform( -0.825134, 0.412604, 0.385892, 0.350356, 0.909585, -0.223399, -0.443177, -0.0491343, -0.895087, 0.522537, 5.32738, 1.27933 )

[node name="Crate10" parent="Crates" index="8" instance=ExtResource( 2 )]
transform = Transform( 0.612916, -0.233391, 0.754893, 0.761526, 0.429298, -0.485575, -0.210745, 0.872487, 0.440856, 0.663041, 3.89503, 1.70305 )

[node name="Crate9" parent="Crates" index="9" instance=ExtResource( 2 )]
transform = Transform( 0.612916, -0.233391, 0.754893, 0.761526, 0.429298, -0.485575, -0.210745, 0.872487, 0.440856, 0.663041, 5.88257, 1.70305 )

[node name="Crate8" parent="Crates" index="10" instance=ExtResource( 2 )]
transform = Transform( 0.721142, -0.097556, 0.685884, 0.318314, 0.926003, -0.202968, -0.61533, 0.364695, 0.698833, 0.821356, 4.5516, 1.17118 )

[node name="Crate7" parent="Crates" index="11" instance=ExtResource( 2 )]
transform = Transform( -0.83888, 0.374869, 0.394657, 0.318314, 0.926003, -0.202968, -0.44154, -0.0446407, -0.896131, -0.0301254, 6.83389, 1.32954 )
