[gd_scene load_steps=12 format=2]

[ext_resource path="res://Scenes/items/Boat .tscn" type="PackedScene" id=1]
[ext_resource path="res://Scenes/items/Crate.tscn" type="PackedScene" id=2]
[ext_resource path="res://Scenes/environment/Island .tscn" type="PackedScene" id=3]
[ext_resource path="res://Scenes/characters/Player3D.tscn" type="PackedScene" id=4]
[ext_resource path="res://Scenes/GUI/Pause Menu.tscn" type="PackedScene" id=5]
[ext_resource path="res://GUI/GUI.tscn" type="PackedScene" id=6]

[sub_resource type="ProceduralSky" id=1]
radiance_size = 0
ground_bottom_color = Color( 0.0941176, 0.329412, 0.368627, 1 )
ground_horizon_color = Color( 0.4386, 0.60716, 0.86, 1 )

[sub_resource type="Environment" id=2]
background_mode = 2
background_sky = SubResource( 1 )
ambient_light_color = Color( 0.309804, 0.309804, 0.372549, 1 )
ambient_light_sky_contribution = 0.3
tonemap_mode = 2
adjustment_enabled = true

[sub_resource type="CubeMesh" id=3]
size = Vector3( 20, 0.2, 20 )

[sub_resource type="SpatialMaterial" id=4]
albedo_color = Color( 0.25098, 0.262745, 0.278431, 1 )

[sub_resource type="BoxShape" id=5]
extents = Vector3( 10, 0.1, 10 )

[node name="Main3D" type="Spatial"]

[node name="WorldEnvironment" type="WorldEnvironment" parent="."]
environment = SubResource( 2 )

[node name="DirectionalLight" type="DirectionalLight" parent="."]
transform = Transform( 0.870759, -1.68269e-08, 0.491709, -0.383648, 0.625488, 0.679396, -0.307558, -0.780234, 0.54465, 9.57298, 11.2318, 9.87073 )
light_color = Color( 0.97, 0.936212, 0.8633, 1 )
light_energy = 0.8
shadow_enabled = true
shadow_bias = 0.01
directional_shadow_depth_range = 1

[node name="Player3D" parent="." instance=ExtResource( 4 )]
transform = Transform( 0.2, 0, 0, 0, 0.2, 0, 0, 0, 0.2, 0, 0.369254, 7.31418 )

[node name="Boat " parent="." instance=ExtResource( 1 )]
transform = Transform( -1.62921e-07, 0, 1, 0, 1, 0, -1, 0, -1.62921e-07, 0, 0, -30 )
mode = 1

[node name="Crates" type="Node" parent="."]

[node name="Crate " parent="Crates" instance=ExtResource( 2 )]
transform = Transform( -0.633043, -0.774117, -2.06271e-07, -0.774117, 0.633043, -2.52239e-07, 3.25841e-07, 0, -1, 0, 1.2431, 4.68639 )

[node name="Crate 33" parent="Crates" instance=ExtResource( 2 )]
transform = Transform( 1, 0, 0, 0, 1, 0, 0, 0, 1, 0.015758, 2.7597e-05, 6.24691 )

[node name="Crate 2" parent="Crates" instance=ExtResource( 2 )]
transform = Transform( -0.728365, 0.563037, -0.390479, -0.265343, 0.293641, 0.918351, 0.631726, 0.772506, -0.0644799, 0, 1.97608, 3.85963 )

[node name="Crate 4" parent="Crates" instance=ExtResource( 2 )]
transform = Transform( -0.503709, -0.615961, -0.605697, -0.774117, 0.633043, -2.52239e-07, 0.383433, 0.46888, -0.795695, 0.250383, 2.07925, 4.60193 )

[node name="Crate 3" parent="Crates" instance=ExtResource( 2 )]
transform = Transform( -0.196922, 0.91591, -0.349758, -0.265343, 0.293641, 0.918351, 0.94383, 0.27365, 0.185206, -0.250382, 2.81223, 3.94409 )

[node name="Crate 8" parent="Crates" instance=ExtResource( 2 )]
transform = Transform( 0.358678, 0.438609, -0.823997, -0.774117, 0.633043, -2.52239e-07, 0.521626, 0.63787, 0.566594, 0.340624, 2.49347, 4.03879 )

[node name="Crate 7" parent="Crates" instance=ExtResource( 2 )]
transform = Transform( 0.933227, 0.31753, 0.168112, -0.265343, 0.293641, 0.918351, 0.242239, -0.901637, 0.358288, -0.340623, 3.22645, 4.50723 )

[node name="Crate 6" parent="Crates" instance=ExtResource( 2 )]
transform = Transform( 0.601346, 0.735355, -0.312467, -0.774117, 0.633043, -2.52239e-07, 0.197805, 0.241886, 0.949929, 0.129168, 3.32962, 3.88033 )

[node name="Crate 5" parent="Crates" instance=ExtResource( 2 )]
transform = Transform( 0.889288, -0.293462, 0.35078, -0.265343, 0.293641, 0.918351, -0.372504, -0.909756, 0.183263, -0.129167, 4.0626, 4.66569 )

[node name="Crate 16" parent="Crates" instance=ExtResource( 2 )]
transform = Transform( -0.315229, -0.385478, -0.867201, -0.774117, 0.633043, -2.52239e-07, 0.548976, 0.671315, -0.497958, 0.358484, 3.48013, 4.47886 )

[node name="Crate 15" parent="Crates" instance=ExtResource( 2 )]
transform = Transform( 0.185138, 0.950286, -0.250359, -0.265343, 0.293641, 0.918351, 0.946212, -0.103591, 0.306516, -0.358483, 4.21312, 4.06716 )

[node name="Crate 14" parent="Crates" instance=ExtResource( 2 )]
transform = Transform( 0.0816869, 0.0998904, -0.99164, -0.774117, 0.633043, -2.52239e-07, 0.627751, 0.767645, 0.129038, 0.409924, 4.31629, 4.21967 )

[node name="Crate 13" parent="Crates" instance=ExtResource( 2 )]
transform = Transform( 0.720431, 0.693394, -0.0135542, -0.265343, 0.293641, 0.918351, 0.640759, -0.658012, 0.395535, -0.409923, 5.04927, 4.32635 )

[node name="Crate 12" parent="Crates" instance=ExtResource( 2 )]
transform = Transform( 0.630961, 0.771571, 0.0810343, -0.774117, 0.633043, -2.52239e-07, -0.0512984, -0.0627299, 0.996711, -0.0334976, 4.73051, 3.86099 )

[node name="Crate 11" parent="Crates" instance=ExtResource( 2 )]
transform = Transform( 0.674778, -0.623784, 0.39442, -0.265343, 0.293641, 0.918351, -0.688671, -0.72434, 0.0326257, 0.033498, 5.46349, 4.68503 )

[node name="Crate 10" parent="Crates" instance=ExtResource( 2 )]
transform = Transform( 0.470982, 0.57594, 0.668184, -0.774117, 0.633043, -2.52239e-07, -0.422989, -0.517252, 0.743997, -0.276213, 5.56666, 3.96546 )

[node name="Crate 9" parent="Crates" instance=ExtResource( 2 )]
transform = Transform( 0.119792, -0.935073, 0.3336, -0.265343, 0.293641, 0.918351, -0.956683, -0.19853, -0.212939, 0.276214, 6.29964, 4.58056 )

[node name="Crate 32" parent="Crates" instance=ExtResource( 2 )]
transform = Transform( 0.3009, -0.54164, -0.784911, -0.468332, 0.633043, -0.616379, 0.830738, 0.553067, -0.0631848, 0.709423, 5.27551, 4.47303 )

[node name="Crate 31" parent="Crates" instance=ExtResource( 2 )]
transform = Transform( 0.218956, 0.945866, -0.239576, -0.891752, 0.293641, 0.344316, 0.396026, 0.138253, 0.907772, 0.118746, 6.00849, 3.89456 )

[node name="Crate 30" parent="Crates" instance=ExtResource( 2 )]
transform = Transform( 0.7426, -0.0959903, -0.66282, -0.468331, 0.633043, -0.616379, 0.47876, 0.768142, 0.425142, 0.824271, 6.11166, 4.23505 )

[node name="Crate 29" parent="Crates" instance=ExtResource( 2 )]
transform = Transform( 0.414095, 0.83636, 0.359205, -0.891752, 0.293641, 0.344316, 0.182495, -0.462901, 0.867421, 0.00389886, 6.84464, 4.13254 )

[node name="Crate 28" parent="Crates" instance=ExtResource( 2 )]
transform = Transform( 0.514039, 0.762615, 0.392661, -0.468332, 0.633043, -0.616378, -0.718631, 0.132947, 0.682565, 0.485077, 6.52588, 3.77655 )

[node name="Crate 27" parent="Crates" instance=ExtResource( 2 )]
transform = Transform( 0.202265, -0.422001, 0.883744, -0.891751, 0.293641, 0.344316, -0.404805, -0.857723, -0.316927, 0.343093, 7.25886, 4.59103 )

[node name="Crate 26" parent="Crates" instance=ExtResource( 2 )]
transform = Transform( -0.0262547, 0.687334, 0.725866, -0.468331, 0.633043, -0.616379, -0.883163, -0.356129, 0.30528, 0.223912, 7.36203, 3.81676 )

[node name="Crate 25" parent="Crates" instance=ExtResource( 2 )]
transform = Transform( -0.0842475, -0.855305, 0.51123, -0.891752, 0.293641, 0.344316, -0.444613, -0.426882, -0.787459, 0.604258, 8.09501, 4.55083 )

[node name="Crate 24" parent="Crates" instance=ExtResource( 2 )]
transform = Transform( 0.870252, 0.209905, -0.445647, -0.468331, 0.633043, -0.616378, 0.152733, 0.745115, 0.649212, 0.811981, 7.51254, 4.07171 )

[node name="Crate 23" parent="Crates" instance=ExtResource( 2 )]
transform = Transform( 0.452465, 0.590894, 0.667922, -0.891752, 0.293641, 0.344316, 0.00732547, -0.751411, 0.659793, 0.0161892, 8.24553, 4.29588 )

[node name="Crate 22" parent="Crates" instance=ExtResource( 2 )]
transform = Transform( 0.784966, 0.618335, 0.0386267, -0.468331, 0.633043, -0.616379, -0.405581, 0.465746, 0.786502, 0.662795, 8.3487, 3.8536 )

[node name="Crate 21" parent="Crates" instance=ExtResource( 2 )]
transform = Transform( 0.364462, 0.0150442, 0.931097, -0.891752, 0.293641, 0.344316, -0.268228, -0.955797, 0.120437, 0.165375, 9.08168, 4.51398 )

[node name="Crate 20" parent="Crates" instance=ExtResource( 2 )]
transform = Transform( -0.367228, 0.495042, 0.787449, -0.468332, 0.633043, -0.616378, -0.803623, -0.595139, -0.000627398, 0.0962799, 8.76292, 3.91944 )

[node name="Crate 19" parent="Crates" instance=ExtResource( 2 )]
transform = Transform( -0.250328, -0.953958, 0.165228, -0.891752, 0.293641, 0.344316, -0.376981, -0.0611502, -0.9242, 0.73189, 9.4959, 4.44815 )

[node name="Crate 18" parent="Crates" instance=ExtResource( 2 )]
transform = Transform( -0.778954, 0.0334286, 0.626191, -0.468332, 0.633043, -0.616379, -0.41701, -0.773395, -0.477456, 0.00109327, 9.59907, 4.16594 )

[node name="Crate 17" parent="Crates" instance=ExtResource( 2 )]
transform = Transform( -0.427521, -0.796099, -0.428314, -0.891752, 0.293641, 0.344316, -0.148339, 0.529153, -0.83546, 0.827077, 10.332, 4.20164 )

[node name="Floor" type="StaticBody" parent="."]
transform = Transform( 1, 0, 0, 0, 1, 0, 0, 0, 1, 0, -0.1, 0 )
visible = false
__meta__ = {
"_edit_group_": true,
"_edit_lock_": true
}

[node name="Mesh" type="CSGMesh" parent="Floor"]
cast_shadow = 0
mesh = SubResource( 3 )
material = SubResource( 4 )

[node name="CollisionShape" type="CollisionShape" parent="Floor"]
shape = SubResource( 5 )

[node name="VisibilityNotifier" type="VisibilityNotifier" parent="."]

[node name="Island " parent="." instance=ExtResource( 3 )]

[node name="Pause Menu" parent="." instance=ExtResource( 5 )]
pause_mode = 2

[node name="GUI" parent="." instance=ExtResource( 6 )]
